1.000E-03 3.186E+03 3.179E+03 
1.500E-03 1.290E+03 1.283E+03 
1.560E-03 1.180E+03 1.173E+03 
1.560E-03 1.750E+03 1.743E+03 
1.574E-03 1.714E+03 1.707E+03 
1.588E-03 1.679E+03 1.672E+03 
1.588E-03 1.868E+03 1.861E+03 
1.614E-03 2.293E+03 2.286E+03 
1.639E-03 2.934E+03 2.927E+03 
1.639E-03 3.241E+03 3.234E+03 
2.000E-03 2.642E+03 2.635E+03 
2.024E-03 2.566E+03 2.559E+03 
2.024E-03 2.897E+03 2.890E+03 
2.140E-03 2.527E+03 2.520E+03 
2.263E-03 2.204E+03 2.197E+03 
2.263E-03 2.318E+03 2.312E+03 
2.375E-03 2.070E+03 2.064E+03 
2.491E-03 1.849E+03 1.843E+03 
2.491E-03 1.917E+03 1.910E+03 
3.000E-03 1.228E+03 1.221E+03 
4.000E-03 6.055E+02 6.001E+02 
5.000E-03 3.456E+02 3.408E+02 
6.000E-03 2.173E+02 2.131E+02 
8.000E-03 1.039E+02 1.005E+02 
9.244E-03 7.155E+01 6.858E+01 
9.244E-03 1.735E+02 1.705E+02 
1.000E-02 1.417E+02 1.390E+02 
1.035E-02 1.294E+02 1.267E+02 
1.035E-02 1.749E+02 1.722E+02 
1.061E-02 1.648E+02 1.622E+02 
1.087E-02 1.552E+02 1.527E+02 
1.087E-02 1.784E+02 1.759E+02 
1.500E-02 7.850E+01 7.673E+01 
2.000E-02 3.699E+01 3.575E+01 
3.000E-02 1.273E+01 1.200E+01 
4.000E-02 5.986E+00 5.507E+00 
5.000E-02 3.359E+00 3.021E+00 
6.000E-02 2.118E+00 1.865E+00 
6.331E-02 1.854E+00 1.622E+00 
6.331E-02 8.127E+00 7.895E+00 
8.000E-02 4.483E+00 4.324E+00 
1.000E-01 2.547E+00 2.438E+00