2.0089931E+00 	  8.9998E+00
2.0190381E+00 	  8.9329E+00
2.0291333E+00 	  8.8666E+00
2.0392790E+00 	  8.8007E+00
2.0494754E+00 	  8.7353E+00
2.0597227E+00 	  8.6704E+00
2.0700213E+00 	  8.6059E+00
2.0803714E+00 	  8.5420E+00
2.0907733E+00 	  8.4785E+00
2.1012272E+00 	  8.4155E+00
2.1117333E+00 	  8.3529E+00
2.1222920E+00 	  8.2909E+00
2.1329034E+00 	  8.2293E+00
2.1435680E+00 	  8.1681E+00
2.1542858E+00 	  8.1074E+00
2.1650572E+00 	  8.0472E+00
2.1758825E+00 	  7.9874E+00
2.1867619E+00 	  7.9281E+00
2.1976957E+00 	  7.8692E+00
2.2086842E+00 	  7.8107E+00
2.2197276E+00 	  7.7527E+00
2.2308263E+00 	  7.6951E+00
2.2419804E+00 	  7.6380E+00
2.2531903E+00 	  7.5813E+00
2.2644562E+00 	  7.5250E+00
2.2757785E+00 	  7.4687E+00
2.2871574E+00 	  7.4127E+00
2.2985932E+00 	  7.3571E+00
2.3100862E+00 	  7.3019E+00
2.3216366E+00 	  7.2471E+00
2.3332448E+00 	  7.1928E+00
2.3449110E+00 	  7.1389E+00
2.3566356E+00 	  7.0854E+00
2.3684187E+00 	  7.0323E+00
2.3802608E+00 	  6.9796E+00
2.3921621E+00 	  6.9273E+00
2.4041230E+00 	  6.8754E+00
2.4161436E+00 	  6.8236E+00
2.4282243E+00 	  6.7722E+00
2.4403654E+00 	  6.7203E+00
2.4525672E+00 	  6.6681E+00
2.4648301E+00 	  6.6163E+00
2.4771542E+00 	  6.5650E+00
2.4895400E+00 	  6.5140E+00
2.5019877E+00 	  6.4630E+00
2.5144976E+00 	  6.4121E+00
2.5270701E+00 	  6.3615E+00
2.5397055E+00 	  6.3114E+00
2.5524040E+00 	  6.2616E+00
2.5651660E+00 	  6.2123E+00
2.5779919E+00 	  6.1634E+00
2.5908818E+00 	  6.1148E+00
2.6038362E+00 	  6.0666E+00
2.6168554E+00 	  6.0189E+00
2.6299397E+00 	  5.9715E+00
2.6430894E+00 	  5.9245E+00
2.6563048E+00 	  5.8779E+00
2.6695863E+00 	  5.8317E+00
2.6829343E+00 	  5.7858E+00
2.6963489E+00 	  5.7403E+00
2.7098307E+00 	  5.6952E+00
2.7233798E+00 	  5.6505E+00
2.7369967E+00 	  5.6061E+00
2.7506817E+00 	  5.5621E+00
2.7644351E+00 	  5.5185E+00
2.7782573E+00 	  5.4752E+00
2.7921486E+00 	  5.4323E+00
2.8061093E+00 	  5.3897E+00
2.8201399E+00 	  5.3475E+00
2.8342406E+00 	  5.3054E+00
2.8484118E+00 	  5.2633E+00
2.8626539E+00 	  5.2215E+00
2.8769671E+00 	  5.1801E+00
2.8913520E+00 	  5.1390E+00
2.9058087E+00 	  5.0983E+00
2.9203378E+00 	  5.0579E+00
2.9349394E+00 	  5.0179E+00
2.9496141E+00 	  4.9781E+00
2.9643622E+00 	  4.9388E+00
2.9791840E+00 	  4.8997E+00
2.9940799E+00 	  4.8610E+00
3.0090503E+00 	  4.8201E+00
3.0240956E+00 	  4.7779E+00
3.0392161E+00 	  4.7361E+00
3.0544122E+00 	  4.6947E+00
3.0696842E+00 	  4.6537E+00
3.0850326E+00 	  4.6131E+00
3.1004578E+00 	  4.5729E+00
3.1159601E+00 	  4.5330E+00
3.1315399E+00 	  4.4935E+00
3.1471976E+00 	  4.4543E+00
3.1629336E+00 	  4.4155E+00
3.1787482E+00 	  4.3771E+00
3.1946420E+00 	  4.3391E+00
3.2106152E+00 	  4.3013E+00
3.2266683E+00 	  4.2640E+00
3.2428016E+00 	  4.2270E+00
3.2590156E+00 	  4.1903E+00
3.2753107E+00 	  4.1540E+00
3.2916873E+00 	  4.1180E+00
3.3081457E+00 	  4.0823E+00
3.3246864E+00 	  4.0470E+00
3.3413099E+00 	  4.0119E+00
3.3580164E+00 	  3.9773E+00
3.3748065E+00 	  3.9429E+00
3.3916805E+00 	  3.9088E+00
3.4086389E+00 	  3.8749E+00
3.4256821E+00 	  3.8413E+00
3.4428105E+00 	  3.8081E+00
3.4600246E+00 	  3.7752E+00
3.4773247E+00 	  3.7425E+00
3.4947113E+00 	  3.7102E+00
3.5121849E+00 	  3.6782E+00
3.5297458E+00 	  3.6464E+00
3.5473945E+00 	  3.6150E+00
3.5651315E+00 	  3.5838E+00
3.5829572E+00 	  3.5530E+00
3.6008719E+00 	  3.5224E+00
3.6188763E+00 	  3.4921E+00
3.6369707E+00 	  3.4620E+00
3.6551555E+00 	  3.4323E+00
3.6734313E+00 	  3.4028E+00
3.6917985E+00 	  3.3736E+00
3.7102575E+00 	  3.3447E+00
3.7288088E+00 	  3.3160E+00
3.7474528E+00 	  3.2876E+00
3.7661901E+00 	  3.2594E+00
3.7850210E+00 	  3.2315E+00
3.8039461E+00 	  3.2039E+00
3.8229659E+00 	  3.1765E+00
3.8420807E+00 	  3.1493E+00
3.8612911E+00 	  3.1224E+00
3.8805975E+00 	  3.0958E+00
3.9000005E+00 	  3.0694E+00
3.9195005E+00 	  3.0432E+00
3.9390980E+00 	  3.0173E+00
3.9587935E+00 	  2.9916E+00
3.9785875E+00 	  2.9662E+00
3.9984804E+00 	  2.9409E+00
4.0184728E+00 	  2.9159E+00
4.0385652E+00 	  2.8912E+00
4.0587580E+00 	  2.8666E+00
4.0790518E+00 	  2.8423E+00
4.0994471E+00 	  2.8182E+00
4.1199443E+00 	  2.7943E+00
4.1405440E+00 	  2.7707E+00
4.1612467E+00 	  2.7472E+00
4.1820530E+00 	  2.7240E+00
4.2029632E+00 	  2.7010E+00
4.2239781E+00 	  2.6781E+00
4.2450980E+00 	  2.6555E+00
4.2663234E+00 	  2.6331E+00
4.2876551E+00 	  2.6109E+00
4.3090933E+00 	  2.5889E+00
4.3306388E+00 	  2.5671E+00
4.3522920E+00 	  2.5455E+00
4.3740535E+00 	  2.5241E+00
4.3959237E+00 	  2.5029E+00
4.4179033E+00 	  2.4818E+00
4.4399929E+00 	  2.4610E+00
4.4621928E+00 	  2.4404E+00
4.4845038E+00 	  2.4199E+00
4.5069263E+00 	  2.3996E+00
4.5294609E+00 	  2.3795E+00
4.5521082E+00 	  2.3596E+00
4.5748688E+00 	  2.3399E+00
4.5977431E+00 	  2.3203E+00
4.6207318E+00 	  2.3009E+00
4.6438355E+00 	  2.2817E+00
4.6670547E+00 	  2.2627E+00
4.6903900E+00 	  2.2438E+00
4.7138419E+00 	  2.2251E+00
4.7374111E+00 	  2.2066E+00
4.7610982E+00 	  2.1882E+00
4.7849037E+00 	  2.1700E+00
4.8088282E+00 	  2.1520E+00
4.8328723E+00 	  2.1341E+00
4.8570367E+00 	  2.1164E+00
4.8813219E+00 	  2.0988E+00
4.9057285E+00 	  2.0814E+00
4.9302571E+00 	  2.0641E+00
4.9549084E+00 	  2.0471E+00
4.9796829E+00 	  2.0301E+00
5.0045814E+00 	  2.0133E+00
5.0296043E+00 	  1.9967E+00
5.0547523E+00 	  1.9802E+00
5.0800260E+00 	  1.9638E+00
5.1054262E+00 	  1.9476E+00
5.1309533E+00 	  1.9316E+00
5.1566081E+00 	  1.9157E+00
5.1823911E+00 	  1.8999E+00
5.2083031E+00 	  1.8843E+00
5.2343446E+00 	  1.8688E+00
5.2605163E+00 	  1.8534E+00
5.2868189E+00 	  1.8379E+00
5.3132530E+00 	  1.8221E+00
5.3398192E+00 	  1.8066E+00
5.3665183E+00 	  1.7911E+00
5.3933509E+00 	  1.7759E+00
5.4203177E+00 	  1.7606E+00
5.4474193E+00 	  1.7453E+00
5.4746564E+00 	  1.7301E+00
5.5020297E+00 	  1.7151E+00
5.5295398E+00 	  1.7002E+00
5.5571875E+00 	  1.6855E+00
5.5849734E+00 	  1.6709E+00
5.6128983E+00 	  1.6564E+00
5.6409628E+00 	  1.6421E+00
5.6691676E+00 	  1.6279E+00
5.6975135E+00 	  1.6139E+00
5.7260010E+00 	  1.6000E+00
5.7546310E+00 	  1.5862E+00
5.7834042E+00 	  1.5725E+00
5.8123212E+00 	  1.5590E+00
5.8413828E+00 	  1.5456E+00
5.8705897E+00 	  1.5323E+00
5.8999427E+00 	  1.5192E+00
5.9294424E+00 	  1.5062E+00
5.9590896E+00 	  1.4933E+00
5.9888850E+00 	  1.4805E+00
6.0188295E+00 	  1.4679E+00
6.0489236E+00 	  1.4553E+00
6.0791682E+00 	  1.4429E+00
6.1095641E+00 	  1.4306E+00
6.1401119E+00 	  1.4182E+00
6.1708125E+00 	  1.4056E+00
6.2016665E+00 	  1.3931E+00
6.2326749E+00 	  1.3807E+00
6.2638382E+00 	  1.3684E+00
6.2951574E+00 	  1.3562E+00
6.3266332E+00 	  1.3442E+00
6.3582664E+00 	  1.3322E+00
6.3900577E+00 	  1.3204E+00
6.4220080E+00 	  1.3087E+00
6.4541180E+00 	  1.2971E+00
6.4863886E+00 	  1.2856E+00
6.5188206E+00 	  1.2742E+00
6.5514147E+00 	  1.2630E+00
6.5841717E+00 	  1.2518E+00
6.915365E+00 	  1.1474E+00
7.392525E+00 	  1.0201E+00
7.902609E+00 	  9.0777E-01
8.447890E+00 	  8.0862E-01
9.030794E+00 	  7.1829E-01
9.653919E+00 	  6.3015E-01
1.032004E+01 	  5.5335E-01
1.088104E+01 	  4.9947E-01
1.103212E+01 	  4.8636E-01
1.104758E+01 	  4.8505E-01
1.109200E+01 	  4.8132E-01
1.115862E+01 	  3.8275E+00
1.132516E+01 	  3.7099E+00
1.179334E+01 	  3.4186E+00
1.260708E+01 	  3.0517E+00
1.347697E+01 	  2.7472E+00
1.440688E+01 	  2.4811E+00
1.540095E+01 	  2.2215E+00
1.646362E+01 	  1.9850E+00
1.759961E+01 	  1.7706E+00
1.881398E+01 	  1.5776E+00
2.011215E+01 	  1.4050E+00
2.149988E+01 	  1.2513E+00
2.298338E+01 	  1.1127E+00
2.456923E+01 	  9.8771E-01
2.626450E+01 	  8.7684E-01
2.807676E+01 	  7.7457E-01
3.001405E+01 	  6.8320E-01
3.208502E+01 	  6.0227E-01
3.429889E+01 	  5.3094E-01
3.666551E+01 	  4.6809E-01
3.919543E+01 	  4.1271E-01
4.189992E+01 	  3.6390E-01
4.479101E+01 	  3.2088E-01
4.788159E+01 	  2.8296E-01