1.000E-03 3.333E+03 3.324E+03 
1.500E-03 1.391E+03 1.383E+03 
1.588E-03 1.225E+03 1.217E+03 
1.588E-03 1.458E+03 1.450E+03 
1.614E-03 2.016E+03 2.008E+03 
1.639E-03 2.840E+03 2.831E+03 
1.639E-03 3.220E+03 3.211E+03 
1.736E-03 3.081E+03 3.073E+03 
1.839E-03 2.951E+03 2.942E+03 
1.839E-03 3.127E+03 3.119E+03 
2.000E-03 2.929E+03 2.921E+03 
2.024E-03 2.845E+03 2.837E+03 
2.024E-03 3.255E+03 3.247E+03 
2.140E-03 2.845E+03 2.837E+03 
2.263E-03 2.484E+03 2.476E+03 
2.263E-03 2.626E+03 2.618E+03 
2.375E-03 2.348E+03 2.341E+03 
2.491E-03 2.100E+03 2.092E+03 
2.491E-03 2.184E+03 2.176E+03 
3.000E-03 1.404E+03 1.397E+03 
4.000E-03 6.979E+02 6.915E+02 
5.000E-03 4.005E+02 3.948E+02 
6.000E-03 2.529E+02 2.478E+02 
8.000E-03 1.216E+02 1.176E+02 
9.244E-03 8.405E+01 8.047E+01 
9.244E-03 2.105E+02 2.069E+02 
1.000E-02 1.720E+02 1.687E+02 
1.035E-02 1.571E+02 1.539E+02 
1.035E-02 2.135E+02 2.103E+02 
1.061E-02 2.012E+02 1.980E+02 
1.087E-02 1.896E+02 1.865E+02 
1.087E-02 2.183E+02 2.153E+02 
1.500E-02 9.620E+01 9.407E+01 
2.000E-02 4.537E+01 4.387E+01 
3.000E-02 1.561E+01 1.473E+01 
4.000E-02 7.326E+00 6.744E+00 
5.000E-02 4.097E+00 3.686E+00 
6.000E-02 2.571E+00 2.264E+00 
6.331E-02 2.246E+00 1.964E+00 
6.331E-02 1.002E+01 9.741E+00 
8.000E-02 5.514E+00 5.321E+00 
1.000E-01 3.119E+00 2.987E+00